A_0	A_1	R_0	R_1	R_2	R_3	phenotype	Fitness	Accuracy	Numerosity	AveMatchSetSize	TimeStampGA	InitTimeStamp	Specificity	DeletionProb	CorrectCount	MatchCount
#	#	#	#	0	#	1	0.007415771484375	0.375	4	175.58035085819665	2927	0	0.16666666666666666	None	552	1472
1	1	1	#	#	#	0	0.03125	0.5	2	165.38157230619134	2932	4	0.5	None	184	368
#	1	#	#	#	#	1	0.03125	0.5	8	169.57070274462023	2927	6	0.16666666666666666	None	734	1468
#	0	0	#	#	#	0	0.2373046875	0.75	11	175.92349272166348	2928	7	0.3333333333333333	None	552	736
#	1	0	#	1	#	0	0.03167807580915552	0.5013623978201635	4	159.08347782879235	2890	10	0.5	None	184	367
0	0	#	1	1	#	1	0.03125	0.5	1	165.27730231013206	2829	13	0.6666666666666666	None	92	184
1	#	#	0	#	0	1	0.0010173603658269804	0.25205479452054796	2	185.17195332924686	2895	15	0.5	None	92	365
#	0	#	#	1	0	1	0.2394738201189706	0.7513661202185792	3	168.14523864191648	2895	16	0.5	None	275	366
#	1	#	#	#	#	0	0.0314640402953288	0.5006830601092896	6	169.57070274462023	2932	17	0.16666666666666666	None	733	1464
#	#	#	0	#	1	1	0.0314643339012186	0.5006839945280438	3	174.5007928801555	2922	27	0.3333333333333333	None	366	731
#	0	0	#	#	#	1	0.0009565789506117273	0.24896836313617607	1	175.92349272166348	2943	32	0.3333333333333333	None	181	727
#	1	0	#	#	#	0	0.03081956580710192	0.4986149584487535	6	167.88510140661597	2904	43	0.3333333333333333	None	360	722
#	0	#	1	1	1	1	0.23515130168221252	0.7486338797814208	2	189.4525928508771	2943	44	0.6666666666666666	None	137	183
#	1	1	#	#	#	0	0.03081956580710192	0.4986149584487535	4	172.86220510637062	2932	52	0.3333333333333333	None	360	722
1	1	#	#	#	#	0	0.03081956580710192	0.4986149584487535	3	163.8875728871896	2932	52	0.3333333333333333	None	360	722
#	#	1	1	0	0	0	0.03212285129556479	0.5027624309392266	2	154.07664893017153	2932	56	0.6666666666666666	None	91	181
1	#	#	1	0	1	0	0.03212285129556479	0.5027624309392266	1	165.17653596933252	2873	57	0.6666666666666666	None	91	181
#	0	0	0	#	#	1	0.0009765625	0.25	1	181.5894431968817	2843	58	0.5	None	90	360
#	#	1	0	#	1	1	0.09484170286914775	0.6243093922651933	5	178.21495372918702	2922	59	0.5	None	226	362
#	0	0	1	1	#	1	0.03125	0.5	1	168.5259365519418	2943	63	0.6666666666666666	None	90	180
#	0	#	#	#	1	1	0.03125	0.5	3	180.1261661315993	2943	63	0.3333333333333333	None	360	720
#	1	#	#	0	#	1	0.031033287937911623	0.4993045897079277	2	178.24194395929325	2927	64	0.3333333333333333	None	359	719
#	0	0	1	#	#	0	0.23399965993447927	0.7478991596638656	5	170.23192035518392	2928	83	0.5	None	267	357
0	1	1	#	#	#	0	0.03081477003252402	0.49859943977591037	2	174.4680404595673	2897	89	0.5	None	178	357
0	1	#	#	#	#	1	0.03125	0.5	7	177.77258467238846	2915	99	0.3333333333333333	None	355	710
#	0	#	#	0	#	1	0.0009359908333294817	0.24788732394366197	1	171.78150425436382	2901	105	0.3333333333333333	None	176	710
#	1	0	0	#	#	0	0.23396242137509474	0.7478753541076487	2	180.91103696289022	2904	107	0.5	None	264	353
1	#	#	#	#	1	0	0.0009834884474061894	0.25035360678925034	1	175.54088690208013	2940	121	0.3333333333333333	None	177	707
1	#	#	1	0	#	0	0.2373046875	0.75	8	168.19167186090266	2932	121	0.5	None	264	352
#	0	1	#	#	1	1	0.23396242137509474	0.7478753541076487	10	184.2613935800935	2922	123	0.5	None	264	353
1	#	1	#	0	1	0	0.030377150226468558	0.4971751412429379	1	171.34861970289666	2940	124	0.6666666666666666	None	88	177
1	0	#	#	#	#	1	0.03147226083914665	0.500709219858156	2	183.47441084789796	2943	124	0.3333333333333333	None	353	705
#	1	#	#	0	#	0	0.031472894959095686	0.5007112375533428	3	178.24194395929325	2932	128	0.3333333333333333	None	352	703
0	0	0	#	#	#	0	1.0	1.0	23	170.5682799084823	2928	137	0.5	None	351	351
#	#	0	#	#	#	0	0.09577626541482726	0.6255349500713266	9	173.365331497552	2928	137	0.16666666666666666	None	877	1402
1	#	0	#	#	1	0	0.0009350716332891413	0.2478386167146974	1	165.58861848906625	2912	160	0.5	None	86	347
1	#	#	0	#	1	0	0.0009626515807204534	0.2492836676217765	1	173.73913114223063	2940	160	0.5	None	87	349
#	#	0	0	#	#	1	0.0009765625	0.25	1	180.1439642389177	2843	165	0.3333333333333333	None	173	692
1	1	#	#	#	#	1	0.031932288670462626	0.5021645021645021	2	163.8875728871896	2927	174	0.3333333333333333	None	348	693
1	#	1	#	#	#	0	0.031702890995480223	0.5014409221902018	2	173.0914111912502	2940	174	0.3333333333333333	None	348	694
#	#	#	1	0	0	0	0.095367431640625	0.625	2	163.19882241383615	2932	184	0.5	None	215	344
1	#	1	#	0	#	0	0.2350273081276006	0.7485549132947977	5	172.4682220620919	2940	185	0.5	None	259	346
1	#	#	1	#	1	0	0.0009624912296562928	0.2492753623188406	2	175.49775044915197	2873	185	0.5	None	86	345
#	0	#	1	#	1	1	0.03125	0.5	2	180.54745299459586	2943	191	0.5	None	172	344
#	0	#	#	1	1	1	0.2373046875	0.75	1	189.58424556775287	2943	191	0.5	None	258	344
0	#	0	#	#	#	0	0.240205688326136	0.7518248175182481	13	173.16296258003462	2928	201	0.3333333333333333	None	515	685
#	0	#	#	1	#	1	0.23788263337197235	0.7503649635036497	19	182.08983655334052	2943	207	0.3333333333333333	None	514	685
0	1	#	#	#	#	0	0.03194236601665165	0.5021961932650073	8	177.77258467238846	2897	210	0.3333333333333333	None	343	683
#	#	0	#	0	#	0	0.2396542205262754	0.7514792899408284	4	180.87502569669326	2912	224	0.3333333333333333	None	508	676
#	0	0	0	#	#	0	0.24082546701511512	0.7522123893805309	3	181.5894431968817	2912	224	0.5	None	255	339
#	0	1	#	#	#	1	0.2344065214217691	0.748159057437408	9	178.59637342768028	2922	228	0.3333333333333333	None	508	679
#	0	1	1	0	#	0	0.03218556264100162	0.5029585798816568	1	160.663227463362	2873	248	0.6666666666666666	None	85	169
1	#	#	#	0	0	0	1.0	1.0	20	179.90932915480286	2932	248	0.5	None	336	336
1	0	0	#	#	#	1	0.03125	0.5	1	180.51026681419233	2943	255	0.5	None	168	336
1	#	0	0	0	#	0	0.23494581272576515	0.7485029940119761	1	186.76824821465488	2912	264	0.6666666666666666	None	125	167
#	#	#	#	1	#	0	0.007305747153275895	0.3738805970149254	2	172.78140005957135	2928	266	0.16666666666666666	None	501	1340
0	#	#	#	#	0	0	0.031961275858703675	0.5022556390977444	2	173.49240373866667	2889	286	0.3333333333333333	None	334	665
#	#	0	0	0	#	0	0.5162380606819198	0.8761329305135952	2	186.87114939268992	2912	288	0.5	None	290	331
1	#	0	#	0	#	0	0.2373046875	0.75	1	179.3014785849304	2912	288	0.5	None	246	328
0	1	#	#	1	#	1	0.03172491530321712	0.5015105740181269	1	166.74879215238064	2915	291	0.5	None	166	331
#	0	#	#	1	#	0	0.000991403603225535	0.25075528700906347	1	182.08983655334052	2928	292	0.3333333333333333	None	166	662
1	1	1	0	#	#	0	0.030314439367965455	0.49696969696969695	1	172.5150385773238	2926	302	0.6666666666666666	None	82	165
0	#	0	#	1	#	0	0.2385092773455079	0.7507598784194529	5	166.71918203497856	2928	304	0.5	None	247	329
1	#	#	#	0	#	0	0.23610496959784688	0.7492401215805471	11	173.10589544737738	2940	313	0.3333333333333333	None	493	658
1	#	1	1	0	#	0	0.2373046875	0.75	2	166.63379732951563	2932	313	0.6666666666666666	None	123	164
1	0	#	#	1	#	1	1.0	1.0	41	195.26212737200183	2943	319	0.5	None	328	328
#	0	#	#	#	#	1	0.03125	0.5	6	177.23721981527723	2943	319	0.16666666666666666	None	656	1312
1	#	1	0	0	#	0	0.2348881629707487	0.7484662576687117	1	178.17445099924433	2940	321	0.6666666666666666	None	122	163
#	#	#	#	0	0	0	0.2373046875	0.75	6	179.84616747240284	2932	328	0.3333333333333333	None	489	652
0	1	#	#	0	#	1	0.030303100933259965	0.49693251533742333	1	181.72912444643248	2891	331	0.5	None	162	326
#	1	#	#	#	1	0	0.0009840860584035553	0.250384024577573	2	168.35456830864783	2897	337	0.3333333333333333	None	163	651
1	1	#	#	#	1	1	1.0	1.0	16	163.03752316369554	2927	375	0.5	None	321	321
1	0	0	#	#	#	0	0.030763249397221658	0.49843260188087773	2	180.51026681419233	2912	391	0.5	None	159	319
#	1	0	1	#	#	0	0.0009765625	0.25	1	149.47908951418106	2890	394	0.5	None	79	316
#	#	0	0	0	#	1	2.863436931626339e-05	0.12341772151898735	1	186.87114939268992	2702	414	0.5	None	39	316
0	#	0	#	#	0	0	0.23855497286298294	0.750788643533123	1	177.22090406933862	2889	414	0.5	None	238	317
#	#	#	0	0	#	0	0.2385629279835275	0.7507936507936508	3	180.5005544133162	2940	416	0.3333333333333333	None	473	630
#	#	#	#	#	1	1	0.09597255299496531	0.6257911392405063	1	176.27521898254662	2943	424	0.16666666666666666	None	791	1264
1	1	1	0	#	#	1	0.03125	0.5	1	172.51503857732382	2856	424	0.6666666666666666	None	79	158
#	#	1	#	#	1	1	0.2379301607624849	0.7503949447077409	4	178.98607077810323	2927	425	0.3333333333333333	None	475	633
1	1	#	0	1	#	0	0.030267374574427543	0.4968152866242038	1	160.15457351080755	2926	430	0.6666666666666666	None	78	157
#	#	1	0	0	#	0	0.09385369363962613	0.6230031948881789	4	174.44075669937624	2940	444	0.5	None	195	313
1	0	#	#	#	1	1	0.03125	0.5	2	187.0238277499506	2943	447	0.5	None	156	312
#	0	1	#	1	#	1	1.0	1.0	17	193.49476749470563	2922	484	0.5	None	307	307
#	0	1	#	#	1	0	0.0010248979308171181	0.2524271844660194	1	184.2613935800935	2940	489	0.5	None	78	309
#	0	#	1	#	#	1	0.030495204742989977	0.4975609756097561	1	174.14143221703137	2943	489	0.3333333333333333	None	306	615
1	#	#	#	#	#	1	0.031121610691394734	0.49958847736625517	3	173.67673810372804	2943	512	0.16666666666666666	None	607	1215
0	#	#	#	#	#	0	0.03164029490988016	0.5012427506213754	1	175.7239051123468	2928	529	0.16666666666666666	None	605	1207
0	#	0	#	0	0	0	0.24262520879670776	0.7533333333333333	1	184.1749389788877	2869	542	0.6666666666666666	None	113	150
#	#	0	0	#	#	0	0.23995315107061477	0.7516666666666667	7	180.1439642389177	2912	542	0.3333333333333333	None	451	600
0	1	1	#	1	#	1	0.03231282844749583	0.5033557046979866	1	163.37103042968533	2915	547	0.6666666666666666	None	75	149
#	#	1	#	1	#	1	0.23664071285347374	0.7495798319327731	8	181.16733069722616	2922	556	0.3333333333333333	None	446	595
#	1	1	#	0	#	1	0.03177964894694541	0.5016835016835017	1	175.93491553881768	2927	566	0.5	None	149	297
1	0	1	#	#	#	0	0.03125	0.5	1	182.9408516243171	2940	572	0.5	None	148	296
#	0	0	1	0	#	1	0.0	0.0	2	168.7156463575224	583	583	0.6666666666666666	None	0	147
#	#	0	#	1	#	0	0.030985619117579983	0.499151103565365	3	167.53015221805987	2928	586	0.3333333333333333	None	294	589
#	#	#	0	#	#	0	0.09553112441299426	0.6252144082332761	9	177.48821359982117	2940	608	0.16666666666666666	None	729	1166
#	0	1	#	#	#	0	0.0010279494310306795	0.25257731958762886	1	178.59637342768028	2940	617	0.3333333333333333	None	147	582
#	#	1	0	#	#	0	0.03125	0.5	1	177.60705152660958	2940	622	0.3333333333333333	None	290	580
#	#	#	1	0	#	0	0.031521737493771754	0.5008665511265165	2	168.4796946630809	2932	632	0.3333333333333333	None	289	577
#	#	1	#	#	#	1	0.095367431640625	0.625	9	175.45396705795739	2927	638	0.16666666666666666	None	720	1152
#	1	0	1	1	#	0	0.0009097006391345421	0.24647887323943662	1	140.66959936874298	2890	650	0.6666666666666666	None	35	142
0	1	#	0	#	#	0	1.0	1.0	18	187.81680598675035	2897	657	0.5	None	287	287
#	#	1	#	1	1	1	0.5180897918099074	0.8767605633802817	5	191.88947747192168	2922	680	0.5	None	249	284
1	1	#	0	#	#	0	0.030157451412708515	0.49645390070921985	2	171.54807059460867	2926	686	0.5	None	140	282
0	#	#	0	#	#	0	0.24016374711791208	0.7517985611510791	3	184.54565963646695	2897	721	0.3333333333333333	None	418	556
#	1	#	0	#	#	0	0.23801560576654593	0.7504488330341114	5	175.96796472472337	2926	721	0.3333333333333333	None	418	557
#	#	#	0	#	0	0	0.24165081162760113	0.7527272727272727	13	187.824796541966	2926	734	0.3333333333333333	None	414	550
#	0	1	#	1	#	0	0.0	0.0	1	193.49476749470563	740	740	0.5	None	0	275
#	0	1	1	#	#	1	0.23020027395048778	0.7454545454545455	2	177.052914071136	2901	745	0.5	None	205	275
#	#	1	#	0	#	1	0.03125	0.5	3	171.47523224873436	2927	786	0.3333333333333333	None	270	540
#	1	1	#	#	#	1	0.031833006303873014	0.5018518518518519	2	172.86220510637062	2927	786	0.3333333333333333	None	271	540
#	0	1	#	0	#	1	0.029533393314702866	0.4943820224719101	3	161.73132784321712	2901	809	0.5	None	132	267
1	#	1	0	#	#	0	0.03066481057996481	0.4981132075471698	2	177.95815861595125	2940	828	0.5	None	132	265
#	1	#	#	0	1	1	0.23430086944568226	0.7480916030534351	6	171.61557689411825	2927	834	0.5	None	196	262
#	#	0	1	#	#	0	0.031850943928472486	0.5019083969465649	2	165.56400815642786	2928	839	0.3333333333333333	None	263	524
#	1	#	0	#	#	1	0.0009672972681778441	0.24952380952380954	1	175.96796472472337	2856	849	0.3333333333333333	None	131	525
#	#	0	#	0	0	0	0.5143360602500469	0.8754863813229572	1	189.71706185964825	2904	885	0.5	None	225	257
#	#	#	1	1	1	1	0.5114738247078617	0.8745098039215686	1	175.3082185372942	2943	902	0.5	None	223	255
#	#	0	1	1	#	0	0.007318961174806566	0.37401574803149606	1	160.82555409423748	2928	906	0.5	None	95	254
1	0	0	#	#	1	0	0.030019840638976	0.496	1	175.72057420565335	2912	928	0.6666666666666666	None	62	125
#	#	#	#	#	0	0	0.09709993956770055	0.627254509018036	6	171.77319744408118	2932	942	0.16666666666666666	None	626	998
0	#	1	#	0	#	1	0.2373046875	0.75	4	168.72238642068595	2901	950	0.5	None	186	248
#	0	1	0	0	#	0	0.03125	0.5	1	157.66281439045528	2940	956	0.6666666666666666	None	62	124
#	#	#	#	1	#	1	0.095367431640625	0.625	5	172.78140005957135	2943	959	0.16666666666666666	None	620	992
#	1	#	#	#	1	1	0.23410655790434154	0.7479674796747967	9	168.35456830864783	2927	974	0.3333333333333333	None	368	492
#	#	#	0	0	0	0	0.515943891186639	0.8760330578512396	1	198.45356848966307	2904	990	0.5	None	212	242
#	#	1	1	#	1	1	0.5099372811193792	0.8739837398373984	8	180.8125816716115	2927	995	0.5	None	215	246
#	#	1	0	#	0	0	0.09656050393001485	0.6265560165975104	1	175.22057492264702	2926	1006	0.5	None	151	241
1	#	#	#	#	#	0	0.031089083761379806	0.49948400412796695	2	173.67673810372804	2940	1006	0.16666666666666666	None	484	969
#	#	1	1	#	1	0	3.521464027143379e-05	0.12863070539419086	1	180.8125816716115	2873	1014	0.5	None	31	241
#	#	0	1	0	#	0	0.09821766655847401	0.6286919831223629	1	165.1230002191378	2869	1031	0.5	None	149	237
#	#	0	0	#	0	0	0.5098376333921032	0.8739495798319328	2	197.72207813382397	2904	1033	0.5	None	208	238
#	1	#	#	0	1	0	0.001039954939090475	0.25316455696202533	2	171.61557689411825	2731	1038	0.5	None	60	237
#	1	#	0	#	1	1	0.03125	0.5	1	170.07282838480074	2856	1041	0.5	None	119	238
#	#	#	#	1	1	1	0.24151509849409084	0.7526427061310782	2	176.975577690173	2943	1059	0.3333333333333333	None	356	473
0	#	1	#	0	1	1	0.24070441269615173	0.7521367521367521	1	166.27862450514144	2857	1065	0.6666666666666666	None	88	117
#	1	#	0	#	0	0	1.0	1.0	19	187.12318666669483	2926	1070	0.5	None	233	233
1	#	#	#	1	0	0	0.029914729255417254	0.4956521739130435	1	162.68875789262216	2926	1098	0.5	None	114	230
#	#	#	1	#	0	0	0.030579424113337098	0.49783549783549785	1	161.21658466147474	2932	1098	0.3333333333333333	None	230	462
1	#	#	0	#	0	0	0.24082546701511512	0.7522123893805309	5	185.17195332924686	2926	1112	0.5	None	170	226
0	#	#	0	#	1	0	0.23556747178726203	0.748898678414097	4	174.721803507664	2897	1121	0.5	None	170	227
0	#	1	#	#	1	1	0.23906771605509994	0.7511111111111111	3	174.97132803009333	2915	1142	0.5	None	169	225
#	#	1	1	0	1	1	0.22698868709122902	0.7433628318584071	1	170.55085985265	2927	1142	0.6666666666666666	None	84	113
1	#	#	0	0	#	0	0.23207791712921816	0.7466666666666667	2	181.4062070796896	2940	1148	0.5	None	168	225
#	0	#	0	0	#	0	0.2373046875	0.75	2	173.73534500949796	2940	1148	0.5	None	168	224
1	#	0	1	1	1	1	1.0	1.0	2	163.38531184885454	2943	1151	0.8333333333333334	None	56	56
1	#	0	#	#	#	0	0.030552483473538807	0.49774774774774777	1	170.36907635594702	2912	1162	0.3333333333333333	None	221	444
0	#	1	#	#	#	1	0.2355204498291332	0.748868778280543	9	173.9159541416712	2915	1173	0.3333333333333333	None	331	442
#	#	1	1	#	#	1	0.2355204498291332	0.748868778280543	1	172.6050388146595	2927	1187	0.3333333333333333	None	331	442
1	0	#	#	0	#	0	1.0	1.0	27	175.08536804864465	2940	1212	0.5	None	216	216
#	#	0	#	#	0	0	0.2345517627009267	0.7482517482517482	5	177.77790552029268	2904	1226	0.3333333333333333	None	321	429
0	#	0	#	#	#	1	0.0009309368989650356	0.24761904761904763	2	173.16296258003462	2891	1264	0.3333333333333333	None	104	420
1	#	#	1	1	1	1	1.0	1.0	3	179.84299276367827	2943	1265	0.6666666666666666	None	105	105
0	0	1	#	#	#	1	1.0	1.0	13	163.76934392125062	2901	1275	0.5	None	208	208
1	#	#	1	#	1	1	0.2373046875	0.75	2	175.49775044915197	2943	1279	0.5	None	156	208
#	0	#	1	0	#	0	0.2354001653509851	0.748792270531401	3	165.4375102270756	2873	1287	0.5	None	155	207
0	0	#	0	#	#	0	0.03125	0.5	1	175.30360986257898	2889	1289	0.5	None	103	206
1	0	#	#	1	#	0	0.0	0.0	2	195.26212737200183	1300	1300	0.5	None	0	206
0	#	1	#	#	#	0	0.0009887389392669117	0.2506203473945409	1	173.9159541416712	2897	1321	0.3333333333333333	None	101	403
#	0	1	1	#	1	1	0.22965034521487823	0.7450980392156863	1	189.73781172868604	2857	1321	0.6666666666666666	None	76	102
#	#	#	0	0	1	0	0.09583814855191733	0.625615763546798	1	170.7358690987152	2940	1323	0.5	None	127	203
0	#	0	0	#	1	0	1.0	1.0	1	171.4620801973234	2849	1323	0.6666666666666666	None	101	101
#	#	1	1	1	1	1	1.0	1.0	4	192.94645298671412	2915	1379	0.6666666666666666	None	98	98
#	#	#	#	0	#	0	0.095984295246478	0.6258064516129033	3	175.58035085819665	2940	1396	0.16666666666666666	None	485	775
#	#	1	#	0	1	1	0.09199279089548915	0.6205128205128205	1	171.35483017454186	2927	1398	0.5	None	121	195
#	1	0	#	#	0	0	0.23524118101521485	0.7486910994764397	3	179.15901474386385	2904	1418	0.5	None	143	191
0	#	#	#	1	0	1	0.03125	0.5	1	165.25664925260475	2854	1446	0.5	None	93	186
#	1	0	#	#	#	1	0.03167343555665732	0.5013477088948787	2	167.88510140661597	2891	1446	0.3333333333333333	None	186	371
1	#	1	#	1	1	1	1.0	1.0	3	197.36296450194038	2922	1448	0.6666666666666666	None	95	95
#	1	#	0	#	0	1	0.0	0.0	3	187.12318666669483	1454	1454	0.5	None	0	185
#	#	1	1	0	#	0	0.007415771484375	0.375	1	166.83301872600623	2932	1465	0.5	None	69	184
#	#	#	#	0	1	1	0.03125	0.5	1	171.72487895954436	2927	1470	0.3333333333333333	None	184	368
#	1	1	#	#	1	1	0.2373046875	0.75	3	175.13043473231988	2927	1470	0.5	None	138	184
1	#	#	1	1	#	1	0.2373046875	0.75	3	170.5789864345241	2943	1471	0.5	None	138	184
#	1	0	#	#	0	1	0.0009240716125811003	0.24725274725274726	2	179.15901474386385	2891	1483	0.5	None	45	182
0	1	#	1	#	#	1	1.0	1.0	20	161.8247088528025	2915	1483	0.5	None	181	181
0	0	#	#	#	1	1	0.03125	0.5	1	169.43095444472846	2875	1485	0.5	None	91	182
#	1	#	0	#	1	0	0.03125	0.5	1	170.07282838480074	2897	1489	0.5	None	91	182
#	#	#	1	#	1	1	0.23399965993447927	0.7478991596638656	1	174.96007543456577	2943	1519	0.3333333333333333	None	267	357
1	#	1	1	#	#	1	0.02871760421978652	0.49162011173184356	3	170.52871073290913	2927	1519	0.5	None	88	179
#	0	0	#	1	#	0	0.03125	0.5	2	172.80107277600135	2928	1520	0.5	None	89	178
0	#	1	#	#	0	1	0.22824833264848604	0.7441860465116279	2	164.3020378837295	2901	1557	0.5	None	128	172
0	#	1	1	#	#	1	1.0	1.0	12	163.9378539479318	2915	1557	0.5	None	173	173
#	1	1	0	#	#	0	0.23268800595412076	0.7470588235294118	2	176.7228572393049	2926	1582	0.5	None	127	170
1	#	#	#	1	1	1	1.0	1.0	14	178.29272559649823	2943	1585	0.5	None	170	170
#	#	0	1	#	#	1	0.02986747807348717	0.4954954954954955	1	165.56400815642786	2943	1606	0.3333333333333333	None	165	333
0	0	#	#	#	#	0	0.03125	0.5	2	171.02892971396923	2928	1609	0.3333333333333333	None	167	334
0	0	1	#	#	#	0	0.0	0.0	3	163.76934392125062	1641	1641	0.5	None	0	161
#	#	#	0	#	0	1	0.0009466088849613418	0.2484472049689441	1	187.824796541966	2895	1646	0.3333333333333333	None	80	322
0	0	#	#	1	#	1	0.030291484318762937	0.4968944099378882	1	169.86536925673195	2875	1659	0.5	None	80	161
0	#	1	1	#	0	1	1.0	1.0	1	149.35579549658695	2901	1685	0.6666666666666666	None	78	78
#	1	#	#	0	0	0	0.24762075575478368	0.7564102564102564	3	182.61185110591427	2932	1688	0.5	None	118	156
1	#	0	#	#	0	0	0.23207791712921816	0.7466666666666667	6	177.77937458584194	2904	1738	0.5	None	112	150
#	#	#	0	#	1	0	0.03125	0.5	1	174.5007928801555	2940	1745	0.3333333333333333	None	151	302
1	#	#	#	1	#	1	0.23863935616512075	0.7508417508417509	4	173.48536235424058	2943	1757	0.3333333333333333	None	223	297
#	#	0	#	1	#	1	0.03178692900760871	0.5017064846416383	1	167.53015221805987	2943	1766	0.3333333333333333	None	147	293
1	#	#	#	#	1	1	0.23592980888821863	0.7491289198606271	4	175.54088690208013	2943	1792	0.3333333333333333	None	215	287
#	#	0	#	#	#	1	0.007243319231563704	0.3732394366197183	1	173.365331497552	2943	1803	0.16666666666666666	None	212	568
0	#	#	#	1	#	1	0.03070558824784353	0.4982456140350877	1	168.37409591785234	2915	1805	0.3333333333333333	None	142	285
1	#	#	0	1	#	1	0.22900814666525524	0.7446808510638298	1	173.7396013814671	2922	1819	0.5	None	105	141
#	1	1	1	#	1	1	1.0	1.0	1	173.09945353740756	2927	1839	0.6666666666666666	None	69	69
1	#	1	1	#	1	1	0.22059995870325735	0.7391304347826086	1	182.73603264599018	2927	1839	0.6666666666666666	None	51	69
0	#	#	0	#	#	1	0.0009058279302482445	0.2462686567164179	2	184.54565963646695	2875	1873	0.3333333333333333	None	66	268
0	#	0	0	#	#	0	1.0	1.0	7	185.5290466104454	2889	1889	0.5	None	132	132
0	0	#	1	#	#	1	0.027831934370136695	0.48854961832061067	1	161.18674702858533	2901	1897	0.5	None	64	131
0	0	0	#	#	#	1	0.0	0.0	1	170.56827990848538	1909	1909	0.5	None	0	130
0	#	1	0	1	#	1	0.03125	0.5	1	174.13336880656533	2875	1915	0.6666666666666666	None	32	64
0	#	#	1	#	#	1	0.23575772610428447	0.7490196078431373	6	163.79659455928072	2915	1922	0.3333333333333333	None	191	255
#	0	0	#	0	#	0	1.0	1.0	19	178.4399288870901	2912	1928	0.5	None	126	126
#	0	1	#	1	0	0	0.0	0.0	1	166.2687124625052	1935	1935	0.6666666666666666	None	0	63
#	#	1	1	1	#	1	0.5248365401953523	0.8790322580645161	2	177.5697907406521	2915	1955	0.5	None	109	124
0	#	0	1	#	#	1	0.02744384574697083	0.48717948717948717	1	158.27364663668934	2891	1995	0.5	None	57	117
0	#	#	1	#	#	0	0.001041071249570595	0.2532188841201717	1	163.79659455928072	2928	2005	0.3333333333333333	None	59	233
1	#	1	#	#	1	1	0.22059995870325735	0.7391304347826086	1	180.02761009127488	2927	2031	0.5	None	85	115
1	#	0	#	1	#	1	0.2373046875	0.75	1	166.85185009565026	2943	2047	0.5	None	84	112
#	#	#	1	#	#	1	0.09409134703184555	0.6233183856502242	3	172.1643361648515	2943	2050	0.16666666666666666	None	278	446
#	#	1	#	1	#	0	0.0009333586897964741	0.24774774774774774	1	181.16733069722616	2926	2061	0.3333333333333333	None	55	222
0	#	#	#	#	1	0	0.03197001585040907	0.502283105022831	1	173.91671418960865	2928	2065	0.3333333333333333	None	110	219
1	#	#	1	1	#	0	0.0008086264863240104	0.24074074074074073	1	170.5789864356991	2890	2077	0.5	None	26	108
0	1	#	0	#	#	1	0.0	0.0	1	187.816805986706	2078	2078	0.5	None	0	108
#	0	#	#	0	#	0	0.2428749773660278	0.7534883720930232	4	171.78150425436382	2940	2080	0.3333333333333333	None	162	215
1	#	#	#	0	0	1	0.0	0.0	1	179.90932915559574	2100	2100	0.5	None	0	105
#	0	0	#	1	0	1	0.03125	0.5	1	171.2427855824726	2781	2132	0.6666666666666666	None	25	50
0	#	#	1	#	0	1	0.22578726766449214	0.7425742574257426	1	157.7282372609034	2901	2133	0.5	None	75	101
1	#	1	#	1	#	1	0.23333647121053863	0.7474747474747475	1	180.2263293042169	2922	2154	0.5	None	74	99
0	0	#	#	#	#	1	0.030440458544253514	0.4973821989528796	2	171.02892971396923	2901	2179	0.3333333333333333	None	95	191
1	#	0	#	1	0	0	0.028064020595835334	0.48936170212765956	1	164.44314517505813	2890	2186	0.6666666666666666	None	23	47
0	0	#	#	0	#	0	0.03125	0.5	1	166.42430050427157	2869	2188	0.5	None	47	94
1	#	#	#	1	1	0	0.0	0.0	2	178.2927256104419	2203	2203	0.5	None	0	95
#	1	#	0	1	1	0	0.027781404364645906	0.4883720930232558	1	163.0902153719742	2897	2257	0.6666666666666666	None	21	43
0	1	#	0	0	#	1	0.0	0.0	1	189.6381669324679	2270	2270	0.6666666666666666	None	0	42
0	1	1	1	#	1	0	0.0	0.0	1	170.2368613552108	2275	2275	0.8333333333333334	None	0	21
#	0	#	#	#	#	0	0.03173373692798732	0.5015384615384615	2	177.23721981527723	2940	2297	0.16666666666666666	None	163	325
0	#	0	1	#	#	0	0.0357074950308936	0.5135135135135135	1	158.27364715056325	2928	2352	0.5	None	38	74
#	1	#	#	#	0	0	0.2373046875	0.75	3	170.30838163171887	2932	2356	0.3333333333333333	None	108	144
#	1	1	#	0	0	0	0.2373046875	0.75	1	172.38037075293371	2932	2356	0.6666666666666666	None	27	36
#	0	#	0	#	#	0	0.03125	0.5	1	179.99668883800067	2940	2364	0.3333333333333333	None	72	144
0	#	#	#	#	#	1	0.029628386460121205	0.49469964664310956	1	175.7239051123468	2915	2379	0.16666666666666666	None	140	283
1	0	#	#	#	0	1	0.03365275096687763	0.5074626865671642	1	176.14416584964187	2895	2388	0.5	None	34	67
#	1	1	0	1	#	0	0.2373046875	0.75	2	165.44495641858242	2926	2414	0.6666666666666666	None	24	32
#	1	#	1	#	1	1	1.0	1.0	3	163.99832457637484	2927	2415	0.5	None	66	66
#	1	#	1	#	#	1	0.231092867969897	0.746031746031746	4	162.8020772938171	2927	2434	0.3333333333333333	None	94	126
0	#	1	#	1	1	1	0.22481780895283973	0.7419354838709677	1	179.7166386629056	2915	2445	0.6666666666666666	None	23	31
#	#	0	#	0	1	1	0.005712634198771302	0.3559322033898305	1	165.17326494055084	2880	2446	0.5	None	21	59
1	#	#	#	0	1	0	0.03125	0.5	1	168.95153031367335	2940	2489	0.5	None	29	58
#	1	#	1	1	1	1	1.0	1.0	1	157.92130374797725	2915	2531	0.6666666666666666	None	26	26
#	1	#	1	#	0	0	0.025022128248914022	0.4782608695652174	2	151.26868669909078	2932	2570	0.5	None	22	46
0	#	1	0	#	#	1	0.024764701136984563	0.4772727272727273	1	175.99601454193066	2875	2583	0.5	None	21	44
#	0	#	0	1	1	1	0.22059995870325735	0.7391304347826086	1	188.1249022463767	2922	2587	0.6666666666666666	None	17	23
#	1	#	0	0	#	0	0.22824833264848604	0.7441860465116279	1	188.33110218350953	2904	2590	0.5	None	32	43
1	1	#	#	#	0	0	1.0	1.0	12	162.66332734886467	2932	2634	0.5	None	37	37
0	#	1	#	1	#	1	0.22733534048886378	0.7435897435897436	2	170.5225808339258	2915	2637	0.5	None	29	39
1	1	#	#	#	1	0	0.0	0.0	1	163.03771585934228	2664	2664	0.5	None	0	37
#	0	0	1	#	#	1	0.0011445676471509754	0.25806451612903225	1	170.23368284536224	2943	2695	0.5	None	8	31
0	1	#	#	0	1	1	0.019403791345598595	0.45454545454545453	1	172.43372800000003	2754	2754	0.6666666666666666	None	5	11
#	1	#	0	1	#	0	0.22059995870325735	0.7391304347826086	1	168.53743602734454	2926	2769	0.5	None	17	23
0	#	#	0	1	1	0	0.18593443208187066	0.7142857142857143	2	174.416	2897	2833	0.6666666666666666	None	5	7
1	#	#	#	#	0	0	0.22059995870325735	0.7391304347826086	1	168.25135477420704	2932	2840	0.3333333333333333	None	17	23
0	#	#	#	1	1	0	0.019403791345598595	0.45454545454545453	1	172.60111360000002	2928	2849	0.5	None	5	11
0	1	#	1	#	#	0	0.0	0.0	1	161.71065599999997	2854	2854	0.5	None	0	10
#	#	#	#	0	0	1	0.0	0.0	1	181.10399999999998	2904	2904	0.3333333333333333	None	0	7
1	#	1	1	#	0	0	1.0	1.0	1	167.0	2932	2932	0.6666666666666666	None	1	1
